tileswide 50
tileshigh 50
tilewidth 24
tileheight 24

layer 0
543,543,543,543,543,543,543,543,543,543,543,543,543,543,543,543,543,543,543,543,543,543,543,543,543,543,543,543,543,543,543,543,543,543,543,543,543,543,543,543,543,543,543,543,543,543,543,543,543,543,
543,543,543,543,543,543,543,543,543,543,543,543,543,543,543,543,543,543,543,543,543,543,543,543,543,543,543,543,543,543,543,543,543,543,543,543,543,543,543,543,543,543,543,543,543,543,543,543,543,543,
543,543,543,543,543,543,543,543,543,543,543,543,543,543,543,543,543,543,543,543,543,543,543,543,543,543,543,543,543,543,543,543,543,543,543,543,543,543,543,543,543,543,543,543,543,543,543,543,543,543,
543,543,543,543,543,543,543,543,543,543,543,543,543,543,543,543,543,543,543,543,543,543,543,543,543,543,543,543,543,543,543,543,543,543,543,543,543,543,543,543,543,543,543,543,543,543,543,543,543,543,
543,543,543,543,543,543,543,543,543,543,543,543,543,543,543,543,543,543,543,543,543,543,543,543,543,543,543,543,543,543,543,543,543,543,543,543,543,543,543,543,543,543,543,543,543,543,543,543,543,543,
543,543,543,543,543,543,543,543,543,543,543,543,543,543,543,543,543,543,543,543,543,543,543,543,543,543,543,543,543,543,543,543,543,543,543,543,543,543,543,543,543,543,543,543,543,543,543,543,543,543,
543,543,543,543,543,543,543,543,543,543,543,543,543,543,543,543,543,543,543,543,543,543,543,543,543,543,543,543,543,543,543,543,543,543,543,543,543,543,543,543,543,543,543,543,543,543,543,543,543,543,
543,543,543,543,543,543,543,543,543,543,543,543,543,543,543,543,543,543,543,543,543,543,543,543,543,543,543,543,543,543,543,543,543,543,543,543,543,543,543,543,543,543,543,543,543,543,543,543,543,543,
543,543,543,543,543,543,543,543,543,543,543,543,543,543,543,543,543,543,543,543,543,543,543,543,543,543,543,543,543,543,543,543,543,543,543,543,543,543,543,543,543,543,543,543,543,543,543,543,543,543,
543,543,543,543,543,543,543,543,543,543,543,543,543,543,543,543,543,543,543,543,543,543,543,543,543,543,543,543,543,543,543,543,543,543,543,543,543,543,543,543,543,543,543,543,543,543,543,543,543,543,
543,543,543,543,543,543,543,543,543,543,749,749,749,749,749,749,749,749,749,749,749,749,749,749,749,749,749,749,749,749,749,749,749,749,749,749,749,749,749,543,543,543,543,543,543,543,543,543,543,543,
543,543,543,543,543,543,543,543,543,543,749,749,749,749,749,749,749,749,749,749,749,749,962,962,962,749,749,749,749,749,749,749,749,749,749,749,749,749,749,543,543,543,543,543,543,543,543,543,543,543,
543,543,543,543,543,543,543,543,543,543,749,749,749,749,749,749,749,749,749,749,749,749,749,749,749,749,749,749,749,749,749,749,749,749,749,749,749,749,749,543,543,543,543,543,543,543,543,543,543,543,
543,543,543,543,543,543,543,543,543,543,749,749,749,749,749,749,749,749,749,749,749,749,749,749,749,749,749,749,749,749,749,749,749,749,749,749,749,749,749,543,543,543,543,543,543,543,543,543,543,543,
543,543,543,543,543,543,543,543,543,543,749,749,749,749,749,749,749,749,749,749,749,749,749,749,749,749,749,749,749,749,749,749,749,749,749,749,749,749,749,543,543,543,543,543,543,543,543,543,543,543,
543,543,543,543,543,543,543,543,543,543,749,749,749,749,749,749,749,749,749,749,749,749,749,749,749,749,749,749,749,749,749,749,749,749,749,749,749,749,749,543,543,543,543,543,543,543,543,543,543,543,
543,543,543,543,543,543,543,543,543,543,749,749,749,749,749,749,749,749,749,749,749,749,749,749,749,749,749,749,749,749,749,749,749,749,749,749,749,749,749,543,543,543,543,543,543,543,543,543,543,543,
543,543,543,543,543,543,543,543,543,543,749,749,749,749,749,749,749,32,32,32,32,32,32,32,32,32,32,32,32,32,32,32,749,749,749,749,749,749,749,543,543,543,543,543,543,543,543,543,543,543,
543,543,543,543,543,543,543,543,543,543,749,749,749,749,749,749,749,32,34,32,32,32,32,32,32,32,32,32,32,32,34,32,749,749,749,749,749,749,749,543,543,543,543,543,543,543,543,543,543,543,
543,543,543,543,543,543,543,543,543,543,749,749,749,749,749,749,749,32,32,32,34,32,32,32,32,32,34,32,32,32,34,32,749,749,749,749,749,749,749,543,543,543,543,543,543,543,543,543,543,543,
543,543,543,543,543,543,543,543,543,543,749,749,749,749,749,749,749,32,32,34,60,60,60,60,60,60,60,60,60,32,34,32,749,749,749,749,749,749,749,543,543,543,543,543,543,543,543,543,543,543,
543,543,543,543,543,543,543,543,543,543,749,749,749,749,749,749,749,32,32,34,60,60,60,60,60,60,60,60,60,32,32,32,749,749,749,749,749,749,749,543,543,543,543,543,543,543,543,543,543,543,
543,543,543,543,543,543,543,543,543,543,749,749,749,749,749,749,749,32,32,32,60,60,3,3,3,3,3,60,60,32,32,32,749,749,749,749,749,749,749,543,543,543,543,543,543,543,543,543,543,543,
543,543,543,543,543,543,543,543,543,543,749,749,749,749,749,749,749,32,32,32,60,60,3,1,1,1,3,60,60,32,32,34,749,749,749,749,749,749,749,543,543,543,543,543,543,543,543,543,543,543,
543,543,543,543,543,543,543,543,543,543,749,749,749,749,749,749,749,32,32,34,60,60,3,1,1,1,3,60,60,32,32,32,749,749,749,749,749,749,749,543,543,543,543,543,543,543,543,543,543,543,
543,543,543,543,543,543,543,543,543,543,749,749,749,749,749,749,749,32,32,32,60,60,34,1,1,1,3,60,60,32,32,34,749,749,749,749,749,749,749,543,543,543,543,543,543,543,543,543,543,543,
543,543,543,543,543,543,543,543,543,543,749,749,749,749,749,749,749,32,32,32,60,60,3,3,3,3,34,60,60,32,32,32,749,749,749,749,749,749,749,543,543,543,543,543,543,543,543,543,543,543,
543,543,543,543,543,543,543,543,543,543,749,749,749,749,749,749,749,32,34,32,60,60,60,60,60,60,60,60,60,32,32,32,749,749,749,749,749,749,749,543,543,543,543,543,543,543,543,543,543,543,
543,543,543,543,543,543,543,543,543,543,749,749,749,749,749,749,749,32,32,32,60,60,60,60,60,60,60,60,60,32,32,32,749,749,749,749,749,749,749,543,543,543,543,543,543,543,543,543,543,543,
543,543,543,543,543,543,543,543,543,543,749,749,749,749,749,749,749,32,32,34,34,34,34,32,34,34,34,34,34,32,32,32,749,749,749,749,749,749,749,543,543,543,543,543,543,543,543,543,543,543,
543,543,543,543,543,543,543,543,543,543,749,749,749,749,749,749,749,32,32,34,34,32,34,32,32,32,34,32,34,34,34,32,749,749,749,749,749,749,749,543,543,543,543,543,543,543,543,543,543,543,
543,543,543,543,543,543,543,543,543,543,749,749,749,749,749,749,749,34,32,34,34,34,34,34,34,32,32,32,32,32,32,34,749,749,749,749,749,749,749,543,543,543,543,543,543,543,543,543,543,543,
543,543,543,543,543,543,543,543,543,543,749,749,749,749,749,749,749,749,749,749,749,749,749,749,749,749,749,749,749,749,749,749,749,749,749,749,749,749,749,543,543,543,543,543,543,543,543,543,543,543,
543,543,543,543,543,543,543,543,543,543,749,749,749,749,749,749,749,749,749,749,749,749,749,749,749,749,749,749,749,749,749,749,749,749,749,749,749,749,749,543,543,543,543,543,543,543,543,543,543,543,
543,543,543,543,543,543,543,543,543,543,749,749,749,749,749,749,749,749,749,749,749,749,749,749,749,749,749,749,749,749,749,749,749,749,749,749,749,749,749,543,543,543,543,543,543,543,543,543,543,543,
543,543,543,543,543,543,543,543,543,543,749,749,749,749,749,749,749,749,749,749,749,749,749,749,749,749,749,749,749,749,749,749,749,749,749,749,749,749,749,543,543,543,543,543,543,543,543,543,543,543,
543,543,543,543,543,543,543,543,543,543,749,749,749,749,749,749,749,749,749,749,749,749,749,749,749,749,749,749,749,749,749,749,749,749,749,749,749,749,749,543,543,543,543,543,543,543,543,543,543,543,
543,543,543,543,543,543,543,543,543,543,749,749,749,749,749,749,749,749,749,749,749,749,749,749,749,749,749,749,749,749,749,749,749,749,749,749,749,749,749,543,543,543,543,543,543,543,543,543,543,543,
543,543,543,543,543,543,543,543,543,543,749,749,749,749,749,749,749,749,749,749,749,749,749,749,749,749,749,749,749,749,749,749,749,749,749,749,749,749,749,543,543,543,543,543,543,543,543,543,543,543,
543,543,543,543,543,543,543,543,543,543,543,543,543,543,543,543,543,543,543,543,543,543,543,543,543,543,543,543,543,543,543,543,543,543,543,543,543,543,543,543,543,543,543,543,543,543,543,543,543,543,
543,543,543,543,543,543,543,543,543,543,543,543,543,543,543,543,543,543,543,543,543,543,543,543,543,543,543,543,543,543,543,543,543,543,543,543,543,543,543,543,543,543,543,543,543,543,543,543,543,543,
543,543,543,543,543,543,543,543,543,543,543,543,543,543,543,543,543,543,543,543,543,543,543,543,543,543,543,543,543,543,543,543,543,543,543,543,543,543,543,543,543,543,543,543,543,543,543,543,543,543,
543,543,543,543,543,543,543,543,543,543,543,543,543,543,543,543,543,543,543,543,543,543,543,543,543,543,543,543,543,543,543,543,543,543,543,543,543,543,543,543,543,543,543,543,543,543,543,543,543,543,
543,543,543,543,543,543,543,543,543,543,543,543,543,543,543,543,543,543,543,543,543,543,543,543,543,543,543,543,543,543,543,543,543,543,543,543,543,543,543,543,543,543,543,543,543,543,543,543,543,543,
543,543,543,543,543,543,543,543,543,543,543,543,543,543,543,543,543,543,543,543,543,543,543,543,543,543,543,543,543,543,543,543,543,543,543,543,543,543,543,543,543,543,543,543,543,543,543,543,543,543,
543,543,543,543,543,543,543,543,543,543,543,543,543,543,543,543,543,543,543,543,543,543,543,543,543,543,543,543,543,543,543,543,543,543,543,543,543,543,543,543,543,543,543,543,543,543,543,543,543,543,
543,543,543,543,543,543,543,543,543,543,543,543,543,543,543,543,543,543,543,543,543,543,543,543,543,543,543,543,543,543,543,543,543,543,543,543,543,543,543,543,543,543,543,543,543,543,543,543,543,543,
543,543,543,543,543,543,543,543,543,543,543,543,543,543,543,543,543,543,543,543,543,543,543,543,543,543,543,543,543,543,543,543,543,543,543,543,543,543,543,543,543,543,543,543,543,543,543,543,543,543,
543,543,543,543,543,543,543,543,543,543,543,543,543,543,543,543,543,543,543,543,543,543,543,543,543,543,543,543,543,543,543,543,543,543,543,543,543,543,543,543,543,543,543,543,543,543,543,543,543,543,
543,543,543,543,543,543,543,543,543,543,543,543,543,543,543,543,543,543,543,543,543,543,543,543,543,543,543,543,543,543,543,543,543,543,543,543,543,543,543,543,543,543,543,543,543,543,543,543,543,543,

layer 1
0,0,0,0,0,0,0,0,0,0,0,-1,-1,-1,-1,-1,-1,-1,-1,-1,-1,-1,-1,-1,-1,-1,-1,-1,-1,-1,-1,-1,-1,-1,-1,-1,-1,-1,-1,-1,-1,-1,-1,-1,-1,-1,-1,-1,-1,-1,
0,0,0,0,0,0,0,0,0,0,0,-1,-1,-1,-1,-1,-1,-1,-1,-1,-1,-1,-1,-1,-1,-1,-1,-1,-1,-1,-1,-1,-1,-1,-1,-1,-1,-1,-1,-1,-1,-1,-1,-1,-1,-1,-1,-1,-1,-1,
0,0,0,0,0,0,0,0,0,0,0,-1,-1,-1,-1,-1,-1,-1,-1,-1,-1,-1,-1,-1,-1,-1,-1,-1,-1,-1,-1,-1,-1,-1,-1,-1,-1,-1,-1,-1,-1,-1,-1,-1,-1,-1,-1,-1,-1,-1,
0,0,0,0,0,0,0,0,0,0,0,-1,-1,-1,-1,-1,-1,-1,-1,-1,-1,-1,-1,-1,-1,-1,-1,-1,-1,-1,-1,-1,-1,-1,-1,-1,-1,-1,-1,-1,-1,-1,-1,-1,-1,-1,-1,-1,-1,-1,
0,-1,0,0,0,0,0,0,0,0,0,-1,-1,-1,-1,-1,-1,-1,-1,-1,-1,-1,-1,-1,-1,-1,-1,-1,-1,-1,-1,-1,-1,-1,-1,-1,-1,-1,-1,-1,-1,-1,-1,-1,-1,-1,-1,-1,-1,-1,
0,0,0,0,0,0,0,0,0,0,0,-1,-1,-1,-1,-1,-1,-1,-1,-1,-1,-1,-1,-1,-1,-1,-1,-1,-1,-1,-1,-1,-1,-1,-1,-1,-1,-1,-1,-1,-1,-1,-1,-1,-1,-1,-1,-1,-1,-1,
0,0,0,0,0,0,0,0,0,0,0,-1,-1,-1,-1,-1,-1,-1,-1,-1,-1,-1,-1,-1,-1,-1,-1,-1,-1,-1,-1,-1,-1,-1,-1,-1,-1,-1,-1,-1,-1,-1,-1,-1,-1,-1,-1,-1,-1,-1,
0,0,0,0,0,0,0,0,0,0,0,0,-1,-1,-1,-1,-1,-1,-1,-1,-1,-1,-1,-1,-1,-1,-1,-1,-1,-1,-1,-1,-1,-1,-1,-1,-1,-1,-1,-1,-1,-1,-1,-1,-1,-1,-1,-1,-1,-1,
0,0,0,0,0,0,0,0,0,0,-1,-1,-1,-1,-1,-1,-1,-1,-1,-1,-1,-1,-1,-1,-1,-1,-1,-1,-1,-1,-1,-1,-1,-1,-1,-1,-1,-1,-1,-1,-1,-1,-1,-1,-1,-1,-1,-1,-1,-1,
0,0,0,0,0,0,0,0,0,0,0,-1,-1,-1,-1,-1,-1,-1,-1,-1,-1,-1,-1,-1,-1,-1,-1,-1,-1,-1,-1,-1,-1,-1,-1,-1,-1,-1,-1,-1,-1,-1,-1,-1,-1,-1,-1,-1,-1,-1,
0,0,0,0,0,0,0,0,0,0,0,-1,-1,-1,-1,-1,-1,-1,-1,-1,-1,-1,-1,-1,-1,-1,-1,-1,-1,-1,-1,-1,-1,-1,-1,-1,-1,-1,-1,-1,-1,-1,-1,-1,-1,-1,-1,-1,-1,-1,
-1,-1,-1,-1,-1,-1,-1,-1,-1,-1,-1,-1,-1,-1,-1,-1,-1,-1,-1,-1,-1,-1,-1,-1,-1,-1,-1,-1,-1,-1,-1,-1,-1,-1,-1,-1,-1,-1,-1,-1,-1,-1,-1,-1,-1,-1,-1,-1,-1,-1,
-1,-1,-1,-1,-1,-1,-1,-1,-1,-1,-1,-1,-1,-1,-1,-1,-1,-1,-1,-1,-1,-1,-1,-1,-1,-1,-1,-1,-1,-1,-1,-1,-1,-1,-1,-1,-1,-1,-1,-1,-1,-1,-1,-1,-1,-1,-1,-1,-1,-1,
-1,-1,-1,-1,-1,-1,-1,-1,-1,-1,-1,-1,-1,-1,13,-1,-1,-1,-1,-1,-1,-1,-1,-1,-1,-1,-1,-1,-1,-1,-1,-1,-1,-1,-1,-1,-1,-1,-1,-1,-1,-1,-1,-1,-1,-1,-1,-1,-1,-1,
-1,-1,-1,-1,-1,-1,-1,-1,-1,-1,-1,-1,-1,65,-1,-1,-1,-1,13,-1,-1,-1,-1,13,-1,-1,-1,-1,-1,-1,-1,-1,-1,-1,-1,-1,-1,-1,-1,-1,-1,-1,-1,-1,-1,-1,-1,-1,-1,-1,
-1,-1,-1,-1,-1,-1,-1,-1,-1,-1,-1,-1,-1,-1,-1,285,-1,-1,-1,-1,-1,-1,-1,7,-1,-1,-1,-1,-1,-1,-1,-1,-1,-1,-1,-1,-1,-1,-1,-1,-1,-1,-1,-1,-1,-1,-1,-1,-1,-1,
-1,-1,-1,-1,-1,-1,-1,-1,-1,-1,-1,-1,-1,-1,-1,-1,-1,-1,-1,-1,-1,-1,-1,-1,-1,-1,-1,-1,-1,-1,-1,285,-1,-1,-1,-1,-1,-1,-1,-1,-1,-1,-1,-1,-1,-1,-1,-1,-1,-1,
-1,-1,-1,-1,-1,-1,-1,-1,-1,-1,-1,-1,-1,-1,-1,-1,-1,-1,-1,-1,-1,-1,-1,-1,-1,-1,-1,-1,-1,-1,-1,-1,-1,-1,285,-1,-1,-1,-1,-1,-1,-1,-1,-1,-1,-1,-1,-1,-1,-1,
-1,-1,-1,-1,-1,-1,-1,-1,-1,-1,-1,-1,-1,-1,285,-1,-1,-1,-1,-1,-1,-1,-1,-1,-1,70,-1,-1,-1,-1,-1,-1,-1,-1,-1,-1,-1,-1,-1,-1,-1,-1,-1,-1,-1,-1,-1,-1,-1,-1,
-1,-1,-1,-1,-1,-1,-1,-1,-1,-1,-1,-1,-1,-1,-1,-1,-1,-1,-1,-1,-1,-1,-1,-1,-1,-1,-1,-1,-1,-1,-1,-1,-1,-1,-1,-1,-1,-1,-1,-1,-1,-1,-1,-1,-1,-1,-1,-1,-1,-1,
-1,-1,-1,-1,-1,-1,-1,-1,-1,-1,-1,-1,-1,-1,-1,-1,-1,-1,-1,-1,-1,-1,-1,-1,-1,-1,-1,-1,-1,-1,-1,-1,-1,-1,-1,-1,-1,-1,-1,-1,-1,-1,-1,-1,-1,-1,-1,-1,-1,-1,
-1,-1,-1,-1,-1,-1,-1,-1,-1,-1,-1,-1,-1,285,-1,-1,-1,-1,-1,-1,-1,-1,-1,-1,-1,-1,-1,-1,-1,-1,-1,-1,-1,-1,-1,-1,-1,-1,-1,-1,-1,-1,-1,-1,-1,-1,-1,-1,-1,-1,
-1,-1,-1,-1,-1,-1,-1,-1,-1,-1,-1,-1,-1,-1,-1,-1,-1,-1,-1,-1,-1,-1,-1,-1,-1,-1,-1,-1,-1,-1,-1,-1,-1,-1,-1,-1,-1,-1,-1,-1,-1,-1,-1,-1,-1,-1,-1,-1,-1,-1,
-1,-1,-1,-1,-1,-1,-1,-1,-1,-1,-1,-1,-1,-1,-1,-1,-1,-1,-1,-1,-1,-1,-1,-1,-1,-1,-1,-1,-1,-1,-1,-1,-1,-1,-1,285,-1,-1,-1,-1,-1,-1,-1,-1,-1,-1,-1,-1,-1,-1,
-1,-1,-1,-1,-1,-1,-1,-1,-1,-1,-1,-1,-1,-1,-1,-1,-1,-1,-1,-1,-1,-1,-1,-1,181,-1,-1,-1,-1,-1,-1,-1,-1,-1,-1,-1,-1,-1,-1,-1,-1,-1,-1,-1,-1,-1,-1,-1,-1,-1,
-1,-1,-1,-1,-1,-1,-1,-1,-1,-1,-1,-1,-1,-1,285,-1,-1,-1,-1,-1,-1,-1,-1,-1,-1,-1,-1,-1,-1,-1,-1,-1,-1,-1,-1,-1,-1,-1,-1,-1,-1,-1,-1,-1,-1,-1,-1,-1,-1,-1,
-1,-1,-1,-1,-1,-1,-1,-1,-1,-1,-1,-1,-1,-1,-1,-1,-1,-1,-1,-1,-1,-1,-1,-1,-1,-1,-1,-1,-1,-1,-1,-1,-1,-1,-1,-1,-1,-1,-1,-1,-1,-1,-1,-1,-1,-1,-1,-1,-1,-1,
-1,-1,-1,-1,-1,-1,-1,-1,-1,-1,-1,-1,-1,-1,-1,-1,-1,-1,-1,-1,-1,-1,-1,-1,-1,-1,-1,-1,163,-1,-1,-1,-1,-1,-1,-1,285,-1,-1,-1,-1,-1,-1,-1,-1,-1,-1,-1,-1,-1,
-1,-1,-1,-1,-1,-1,-1,-1,-1,-1,-1,-1,-1,-1,-1,285,-1,-1,-1,-1,-1,-1,-1,-1,-1,-1,-1,-1,-1,-1,-1,-1,-1,192,192,-1,-1,-1,-1,-1,-1,-1,-1,-1,-1,-1,-1,-1,-1,-1,
-1,-1,-1,-1,-1,-1,-1,-1,-1,-1,-1,-1,285,-1,-1,-1,-1,-1,-1,-1,-1,-1,-1,-1,-1,-1,-1,-1,-1,-1,-1,-1,-1,192,192,-1,-1,-1,-1,-1,-1,-1,-1,-1,-1,-1,-1,-1,-1,-1,
-1,-1,-1,-1,-1,-1,-1,-1,-1,-1,-1,-1,-1,-1,-1,-1,-1,-1,-1,-1,-1,-1,-1,-1,-1,-1,-1,-1,-1,-1,-1,-1,-1,-1,-1,-1,-1,-1,-1,-1,-1,-1,-1,-1,-1,-1,-1,-1,-1,-1,
-1,-1,-1,-1,-1,-1,-1,-1,-1,-1,-1,-1,-1,-1,-1,-1,-1,-1,-1,-1,-1,-1,-1,-1,-1,-1,-1,-1,-1,-1,-1,-1,-1,285,-1,-1,-1,-1,-1,-1,-1,-1,-1,-1,-1,-1,-1,-1,-1,-1,
-1,-1,-1,-1,-1,-1,-1,-1,-1,-1,-1,-1,-1,-1,-1,-1,-1,-1,-1,-1,-1,-1,-1,-1,-1,-1,-1,-1,-1,-1,-1,-1,-1,-1,-1,-1,-1,-1,-1,-1,-1,-1,-1,-1,-1,-1,-1,-1,-1,-1,
-1,-1,-1,-1,-1,-1,-1,-1,-1,-1,-1,-1,-1,-1,-1,-1,-1,-1,285,-1,-1,-1,-1,-1,-1,-1,-1,-1,-1,-1,-1,-1,-1,-1,-1,285,-1,-1,-1,-1,-1,-1,-1,-1,-1,-1,-1,-1,-1,-1,
-1,-1,-1,-1,-1,-1,-1,-1,-1,-1,-1,-1,-1,-1,-1,-1,-1,-1,-1,-1,-1,-1,-1,-1,-1,-1,285,-1,-1,-1,-1,-1,-1,-1,-1,-1,-1,-1,-1,-1,-1,-1,-1,-1,-1,-1,-1,-1,-1,-1,
-1,-1,-1,-1,-1,-1,-1,-1,-1,-1,-1,-1,-1,-1,-1,-1,-1,-1,-1,-1,-1,-1,-1,-1,-1,-1,-1,-1,-1,-1,-1,-1,-1,285,-1,-1,-1,-1,-1,-1,-1,-1,-1,-1,-1,-1,-1,-1,-1,-1,
-1,-1,-1,-1,-1,-1,-1,-1,-1,-1,-1,-1,-1,-1,-1,-1,-1,-1,-1,-1,-1,-1,65,-1,-1,-1,-1,-1,285,-1,-1,-1,-1,-1,-1,-1,-1,-1,-1,-1,-1,-1,-1,-1,-1,-1,-1,-1,-1,-1,
-1,-1,-1,-1,-1,-1,-1,-1,-1,-1,-1,-1,-1,-1,-1,-1,-1,-1,-1,-1,-1,-1,-1,-1,-1,-1,-1,-1,-1,-1,-1,65,-1,-1,-1,-1,-1,-1,-1,-1,-1,-1,-1,-1,-1,-1,-1,-1,-1,-1,
-1,-1,-1,-1,-1,-1,-1,-1,-1,-1,-1,-1,-1,-1,-1,-1,-1,-1,-1,-1,-1,-1,-1,-1,-1,-1,-1,-1,-1,-1,-1,-1,-1,-1,-1,-1,-1,-1,-1,-1,-1,-1,-1,-1,-1,-1,-1,-1,-1,-1,
-1,-1,-1,-1,-1,-1,-1,-1,-1,-1,-1,-1,-1,-1,-1,-1,-1,-1,-1,-1,-1,-1,-1,-1,-1,-1,-1,-1,-1,-1,-1,-1,-1,-1,-1,-1,-1,-1,-1,-1,-1,-1,-1,-1,-1,-1,-1,-1,-1,-1,
-1,-1,-1,-1,-1,-1,-1,-1,-1,-1,-1,-1,-1,-1,-1,-1,-1,-1,-1,-1,-1,-1,-1,-1,-1,-1,-1,-1,-1,-1,-1,-1,-1,-1,-1,-1,-1,-1,-1,-1,-1,-1,-1,-1,-1,-1,-1,-1,-1,-1,
-1,-1,-1,-1,-1,-1,-1,-1,-1,-1,-1,-1,-1,-1,-1,-1,-1,-1,-1,-1,-1,-1,-1,-1,-1,-1,-1,-1,-1,-1,-1,-1,-1,-1,-1,-1,-1,-1,-1,-1,-1,-1,-1,-1,-1,-1,-1,-1,-1,-1,
-1,-1,-1,-1,-1,-1,-1,-1,-1,-1,-1,-1,-1,-1,-1,-1,-1,-1,-1,-1,-1,-1,-1,-1,-1,-1,-1,-1,-1,-1,-1,-1,-1,-1,-1,-1,-1,-1,-1,-1,-1,-1,-1,-1,-1,-1,-1,-1,-1,-1,
-1,-1,-1,-1,-1,-1,-1,-1,-1,-1,-1,-1,-1,-1,-1,-1,-1,-1,-1,-1,-1,-1,-1,-1,-1,-1,-1,-1,-1,-1,-1,-1,-1,-1,-1,-1,-1,-1,-1,-1,-1,-1,-1,-1,-1,-1,-1,-1,-1,-1,
-1,-1,-1,-1,-1,-1,-1,-1,-1,-1,-1,-1,-1,-1,-1,-1,-1,-1,-1,-1,-1,-1,-1,-1,-1,-1,-1,-1,-1,-1,-1,-1,-1,-1,-1,-1,-1,-1,-1,-1,-1,-1,-1,-1,-1,-1,-1,-1,-1,-1,
-1,-1,-1,-1,-1,-1,-1,-1,-1,-1,-1,-1,-1,-1,-1,-1,-1,-1,-1,-1,-1,-1,-1,-1,-1,-1,-1,-1,-1,-1,-1,-1,-1,-1,-1,-1,-1,-1,-1,-1,-1,-1,-1,-1,-1,-1,-1,-1,-1,-1,
-1,-1,-1,-1,-1,-1,-1,-1,-1,-1,-1,-1,-1,-1,-1,-1,-1,-1,-1,-1,-1,-1,-1,-1,-1,-1,-1,-1,-1,-1,-1,-1,-1,-1,-1,-1,-1,-1,-1,-1,-1,-1,-1,-1,-1,-1,-1,-1,-1,-1,
-1,-1,-1,-1,-1,-1,-1,-1,-1,-1,-1,-1,-1,-1,-1,-1,-1,-1,-1,-1,-1,-1,-1,-1,-1,-1,-1,-1,-1,-1,-1,-1,-1,-1,-1,-1,-1,-1,-1,-1,-1,-1,-1,-1,-1,-1,-1,-1,-1,-1,
-1,-1,-1,-1,-1,-1,-1,-1,-1,-1,-1,-1,-1,-1,-1,-1,-1,-1,-1,-1,-1,-1,-1,-1,-1,-1,-1,-1,-1,-1,-1,-1,-1,-1,-1,-1,-1,-1,-1,-1,-1,-1,-1,-1,-1,-1,-1,-1,-1,-1,
-1,-1,-1,-1,-1,-1,-1,-1,-1,-1,-1,-1,-1,-1,-1,-1,-1,-1,-1,-1,-1,-1,-1,-1,-1,-1,-1,-1,-1,-1,-1,-1,-1,-1,-1,-1,-1,-1,-1,-1,-1,-1,-1,-1,-1,-1,-1,-1,-1,-1,

